TSS	Adf1_4_7mer	CrebA_2_7mer	brk_4_7mer	esg_7mer	h_1_7mer	h_2_7mer	h_3_7mer	hkb_7mer
FBgn0000014:chr3R:12655762:-	4	0	0	0	0	0	0	0
FBgn0000014:chr3R:12655769:-	4	0	0	0	0	0	0	0
FBgn0000015:chr3R:12760298:-	2	0	0	0	0	0	0	0
FBgn0000015:chr3R:12769991:-	1	0	0	0	0	0	0	0
FBgn0000022:chrX:264064:+	0	0	0	0	1	2	1	0
FBgn0000036:chr3R:20282651:-	2	0	0	0	0	0	0	0
FBgn0000037:chr2R:20277235:-	2	0	0	0	0	0	0	0
FBgn0000038:chr3L:4429370:+	0	0	0	0	0	0	0	1
FBgn0000038:chr3L:4429378:+	0	0	0	0	0	0	0	1
FBgn0000044:chr2R:16831533:+	1	0	0	0	0	0	0	0
FBgn0000055:chr2L:14615555:+	1	0	0	0	0	0	0	0
FBgn0000056:chr2L:14615555:+	1	0	0	0	0	0	0	0
FBgn0000064:chr3R:22084996:-	1	0	0	0	0	0	1	0
FBgn0000064:chr3R:22085554:-	0	2	0	0	0	0	0	0
FBgn0000064:chr3R:22087046:-	2	0	0	0	0	0	0	0
FBgn0000064:chr3R:22087313:-	2	0	0	0	0	0	0	0
FBgn0000071:chr3R:2588315:+	1	0	0	0	0	0	0	0
FBgn0000097:chr2L:2161522:-	1	0	0	0	0	0	0	0
FBgn0000097:chr2L:2178749:-	1	0	0	0	0	0	0	0
FBgn0000099:chr2R:1614335:-	1	0	0	0	0	0	0	0
FBgn0000116:chr3L:9059127:-	1	0	0	0	0	0	0	0
FBgn0000137:chrX:354533:+	0	0	0	0	1	2	1	0
FBgn0000152:chrX:16577928:-	0	2	0	0	0	0	0	0
FBgn0000179:chrX:4306889:+	1	0	0	0	0	0	0	0
FBgn0000179:chrX:4307495:+	1	0	0	0	0	0	0	0
FBgn0000179:chrX:4321169:+	3	0	0	0	0	0	0	0
FBgn0000210:chrX:1503176:+	3	0	0	0	0	0	0	0
FBgn0000210:chrX:1506374:+	1	0	0	0	0	0	0	0
FBgn0000233:chrX:9588221:+	2	0	0	0	0	0	0	0
FBgn0000241:chr2R:19426008:-	1	0	0	0	0	0	0	0
FBgn0000241:chr2R:19426016:-	1	0	0	0	0	0	0	0
FBgn0000253:chr2R:8152065:+	0	2	0	0	0	0	0	0
FBgn0000256:chr2L:3890025:-	0	0	0	0	0	2	0	0
FBgn0000256:chr2L:3890031:-	0	0	0	0	0	2	0	0
FBgn0000299:chr2L:5029639:+	1	0	0	0	0	0	0	0
FBgn0000299:chr2L:5029665:+	1	0	0	0	0	0	0	0
FBgn0000303:chr3R:14531245:+	1	0	0	0	0	0	0	0
FBgn0000303:chr3R:14531256:+	1	0	0	0	0	0	0	0
FBgn0000338:chr3R:19026372:-	1	0	0	0	0	0	0	1
FBgn0000394:chrX:5584029:+	1	0	0	0	0	0	0	0
FBgn0000448:chr2R:6120896:-	2	0	0	0	0	0	0	0
FBgn0000459:chrX:16110739:-	2	0	0	0	0	0	0	0
FBgn0000459:chrX:16110767:-	2	0	0	0	0	0	0	0
FBgn0000463:chr3R:15151935:-	0	0	0	0	1	0	1	0
FBgn0000479:chrX:3185154:+	2	0	0	0	0	0	0	0
FBgn0000479:chrX:3185277:+	2	0	0	0	0	0	0	0
FBgn0000479:chrX:3189314:+	3	0	0	0	0	0	0	0
FBgn0000490:chr2L:2449061:+	0	0	1	0	0	0	0	0
FBgn0000492:chr3R:25382109:+	1	0	0	0	0	0	0	0
FBgn0000504:chr3R:3788508:-	1	0	0	0	0	0	0	0
FBgn0000527:chr3R:17062900:-	1	0	0	0	0	0	0	0
FBgn0000535:chrX:14865289:+	1	0	0	0	0	0	0	0
FBgn0000536:chrX:16172360:+	1	0	0	0	0	0	0	0
FBgn0000536:chrX:16172410:+	1	0	0	0	0	0	0	0
FBgn0000536:chrX:16172612:+	1	0	0	0	0	0	0	0
FBgn0000546:chr2R:2030470:-	1	0	0	0	0	0	0	0
FBgn0000556:chr2R:7779597:+	0	0	0	0	0	0	0	1
FBgn0000556:chr2R:7779804:+	0	0	0	0	0	0	0	1
FBgn0000567:chr3L:17569420:-	3	0	0	0	0	0	0	0
FBgn0000567:chr3L:17569726:-	3	0	0	0	0	0	0	0
FBgn0000567:chr3L:17612407:-	0	0	0	0	0	0	0	2
FBgn0000568:chr3L:17964539:-	1	0	0	0	0	0	0	0
FBgn0000591:chr3R:21866046:+	1	0	0	0	0	0	0	0
FBgn0000606:chr2R:5866746:+	1	0	0	0	0	0	0	0
FBgn0000630:chrX:17153508:+	1	0	0	0	0	0	0	0
FBgn0000636:chr2L:18320101:+	1	0	0	0	0	0	0	0
FBgn0000636:chr2L:18320123:+	1	0	0	0	0	0	0	0
FBgn0001090:chrX:18691712:-	1	0	0	0	0	0	0	0
FBgn0001104:chr3L:6973153:-	0	2	0	0	0	0	0	0
FBgn0001134:chr3L:17822058:+	2	0	0	0	0	0	0	0
FBgn0001138:chr3R:4007164:-	0	0	0	0	0	0	0	2
FBgn0001142:chr2L:132060:+	1	0	0	0	0	0	0	0
FBgn0001145:chrX:11317991:+	3	0	0	0	0	0	0	0
FBgn0001150:chrX:2322996:-	0	0	0	0	0	0	0	1
FBgn0001186:chrX:9479918:+	2	0	0	0	0	0	0	0
FBgn0001203:chrX:10148337:-	2	0	0	0	0	0	0	0
FBgn0001254:chr3L:3512677:-	1	0	0	0	0	0	0	0
FBgn0001257:chr3L:4225950:-	0	2	0	0	0	0	0	0
FBgn0001269:chr2R:7361970:+	0	0	0	0	0	0	0	1
FBgn0001291:chr2R:5984442:+	0	2	0	0	0	0	0	0
FBgn0001297:chr3R:25598701:+	1	0	0	0	0	2	1	1
FBgn0001319:chr2R:10686459:-	0	0	0	0	0	0	0	1
FBgn0001323:chr3L:20613636:-	1	0	0	0	0	0	0	0
FBgn0002023:chr2L:19108108:-	3	0	0	0	0	0	0	0
FBgn0002069:chr2R:8767824:+	0	2	0	0	0	0	0	0
FBgn0002522:chr3R:2504312:-	0	0	0	0	0	0	0	1
FBgn0002525:chr2L:5542527:+	0	0	0	0	0	0	0	1
FBgn0002561:chrX:303756:+	2	0	0	0	0	0	0	0
FBgn0002577:chrX:11648306:+	1	0	0	0	0	0	0	0
FBgn0002633:chr3R:21862760:+	1	0	0	0	0	0	0	0
FBgn0002643:chr2R:9919184:+	2	0	0	0	0	0	0	0
FBgn0002733:chr3R:21831745:-	1	0	0	0	0	0	0	0
FBgn0002922:chr3R:19544079:-	0	0	0	0	0	0	0	1
FBgn0002941:chr3R:17383004:-	0	0	0	0	0	0	0	1
FBgn0002945:chr3L:19038431:-	1	0	0	0	0	0	0	0
FBgn0002985:chr2L:3606748:-	1	0	0	0	0	0	0	0
FBgn0003015:chr3R:4760853:+	1	0	0	0	0	0	0	0
FBgn0003053:chrX:4511602:+	1	0	0	0	0	0	0	0
FBgn0003090:chr2R:3059696:+	1	0	0	0	0	0	0	0
FBgn0003091:chr2R:12812459:+	0	0	0	0	0	2	0	0
FBgn0003091:chr2R:12812632:+	0	0	0	0	0	2	0	0
FBgn0003117:chr3R:11860112:+	3	0	0	0	0	0	0	0
FBgn0003118:chr3R:19140031:-	0	0	0	1	0	0	0	0
FBgn0003118:chr3R:19171884:-	1	0	0	0	0	0	0	0
FBgn0003137:chr3R:24366053:-	1	0	0	0	0	0	0	0
FBgn0003140:chr2R:13844075:-	0	0	0	0	0	0	0	1
FBgn0003159:chrX:2243908:-	0	0	0	0	1	0	1	1
FBgn0003175:chr2R:18434061:-	1	0	0	0	0	0	0	0
FBgn0003177:chr3R:4671984:-	1	0	0	0	0	0	0	0
FBgn0003177:chr3R:4672010:-	1	0	0	0	0	0	0	0
FBgn0003218:chrX:13661697:+	1	0	0	0	0	0	0	0
FBgn0003254:chr2R:15163231:+	1	0	0	0	0	0	0	0
FBgn0003255:chr2L:14001252:-	1	0	0	0	0	0	0	0
FBgn0003261:chr3R:1828439:-	1	0	0	0	0	0	0	0
FBgn0003300:chrX:20565468:+	1	0	0	0	0	0	0	0
FBgn0003326:chr2R:8668049:+	1	0	0	0	0	0	0	0
FBgn0003360:chrX:10678487:-	1	0	0	0	0	0	0	0
FBgn0003360:chrX:10680978:-	0	0	0	0	0	0	1	0
FBgn0003371:chrX:2528248:+	1	0	0	0	0	0	0	0
FBgn0003371:chrX:2537100:+	1	0	0	0	0	0	0	0
FBgn0003380:chrX:17884712:-	1	0	0	0	0	0	0	0
FBgn0003380:chrX:17909268:-	2	0	0	0	0	0	0	0
FBgn0003396:chr2R:7061325:+	0	0	0	0	0	0	0	1
FBgn0003396:chr2R:7086376:+	0	0	2	0	0	0	0	0
FBgn0003423:chrX:21246451:+	0	2	0	0	0	0	0	0
FBgn0003425:chr2R:11801470:-	0	0	0	0	0	0	0	1
FBgn0003425:chr2R:11809623:-	1	0	0	0	0	0	0	0
FBgn0003435:chr2R:15519006:-	1	0	0	0	0	0	0	0
FBgn0003435:chr2R:15519007:-	1	0	0	0	0	0	0	0
FBgn0003499:chr3R:13916525:+	0	0	0	0	1	0	1	0
FBgn0003499:chr3R:13947788:+	0	0	0	0	1	2	1	0
FBgn0003499:chr3R:13947920:+	0	0	0	0	1	2	1	0
FBgn0003502:chr2L:8274287:-	0	0	0	0	0	0	0	1
FBgn0003502:chr2L:8277698:-	1	0	0	0	0	0	0	0
FBgn0003507:chr3R:11811923:+	0	0	0	0	0	2	0	1
FBgn0003513:chr3R:12229405:-	1	0	0	0	1	0	1	1
FBgn0003525:chr3R:25081502:-	0	0	0	0	0	0	0	1
FBgn0003659:chrX:6986910:-	0	0	0	0	0	0	1	0
FBgn0003715:chr2R:20986688:-	3	0	0	0	0	0	0	1
FBgn0003720:chr3R:26678037:+	1	0	0	0	0	0	0	0
FBgn0003731:chr2R:17435074:+	0	2	0	0	0	0	0	0
FBgn0003870:chr3R:27539606:+	1	0	0	0	0	0	0	0
FBgn0003870:chr3R:27550731:+	1	0	0	0	0	0	0	0
FBgn0003884:chr3R:2912260:+	0	2	0	0	0	0	0	0
FBgn0003888:chr2R:20193405:+	1	0	0	0	0	0	0	0
FBgn0003896:chr2L:18881256:-	1	0	0	1	0	0	0	0
FBgn0003900:chr2R:18933631:+	0	2	0	0	0	0	0	0
FBgn0003900:chr2R:18933849:+	0	2	0	0	0	0	0	0
FBgn0003986:chrX:485075:+	1	0	0	0	0	0	0	0
FBgn0003997:chr3L:18178737:-	1	0	0	0	0	0	0	0
FBgn0004055:chr2R:20899573:+	0	2	0	0	0	0	0	0
FBgn0004102:chrX:8544710:-	2	0	0	0	0	0	0	0
FBgn0004108:chr3L:16766622:+	0	0	0	0	0	0	0	1
FBgn0004168:chr2R:14954664:+	1	0	0	0	0	0	0	0
FBgn0004363:chr2L:10850340:-	0	2	0	0	0	0	0	0
FBgn0004364:chr2R:15999016:+	1	0	0	0	0	0	0	0
FBgn0004387:chr3R:23384836:-	1	0	0	0	0	0	0	0
FBgn0004394:chr2L:12657829:+	0	0	0	0	0	0	0	1
FBgn0004396:chr3L:15528514:+	1	0	0	0	0	0	0	0
FBgn0004397:chrX:2116492:-	1	0	0	0	0	0	0	0
FBgn0004399:chr2R:6445520:+	1	0	0	0	0	0	0	0
FBgn0004399:chr2R:6456732:+	2	0	0	0	0	0	0	0
FBgn0004399:chr2R:6471199:+	1	0	0	0	0	0	0	0
FBgn0004516:chr3L:4085827:-	0	2	0	0	0	0	0	0
FBgn0004577:chr3R:12840340:+	1	0	0	0	0	0	0	0
FBgn0004583:chr2L:431253:+	1	0	0	0	0	0	0	0
FBgn0004595:chr3R:7197709:+	1	0	0	0	0	0	0	0
FBgn0004606:chr3R:26591648:+	1	0	0	0	0	0	0	0
FBgn0004618:chr3R:14198460:-	1	0	0	0	0	0	0	0
FBgn0004636:chr3L:1862234:-	1	0	0	0	0	0	0	0
FBgn0004646:chrX:6875731:-	1	0	0	0	0	0	0	0
FBgn0004648:chrX:393314:+	0	2	0	0	0	0	0	0
FBgn0004652:chr3R:14264493:-	1	0	0	0	0	2	0	0
FBgn0004652:chr3R:14306125:-	2	0	0	0	0	0	0	0
FBgn0004839:chr2R:7907329:-	1	0	0	0	0	0	0	0
FBgn0004854:chrX:17208614:+	0	0	0	1	0	0	0	0
FBgn0004861:chrX:2030578:-	1	0	0	0	0	0	0	0
FBgn0004861:chrX:2030888:-	1	0	0	0	0	0	0	0
FBgn0004865:chr3L:21233449:+	2	0	0	0	0	0	1	0
FBgn0004870:chr3L:1101089:-	1	0	0	0	0	0	0	0
FBgn0004889:chr3R:5959869:-	2	0	0	0	0	0	0	0
FBgn0004889:chr3R:5960224:-	1	0	0	0	0	0	0	0
FBgn0004896:chr2R:18754044:+	0	0	0	0	0	0	0	1
FBgn0004956:chrX:18201858:-	1	0	0	0	0	0	0	0
FBgn0004956:chrX:18203021:-	1	0	0	0	0	0	0	0
FBgn0005278:chr2L:107760:+	1	0	0	0	0	0	0	0
FBgn0005278:chr2L:107926:+	1	0	0	0	0	0	0	0
FBgn0005278:chr2L:108089:+	1	0	0	0	0	0	0	0
FBgn0005278:chr2L:108094:+	1	0	0	0	0	0	0	0
FBgn0005411:chrX:16253072:-	0	2	0	0	0	0	0	0
FBgn0005427:chrX:170410:-	1	0	0	0	0	0	0	0
FBgn0005613:chr2R:10099914:-	1	0	0	0	0	0	0	0
FBgn0005630:chr2R:6422521:-	1	0	0	0	0	0	0	0
FBgn0005630:chr2R:6422533:-	1	0	0	0	0	0	0	0
FBgn0005630:chr2R:6422534:-	1	0	0	0	0	0	0	0
FBgn0005630:chr2R:6422583:-	1	0	0	0	0	0	0	0
FBgn0005638:chr2R:20221829:-	1	0	0	0	0	0	0	0
FBgn0005640:chr3L:3543582:+	1	0	0	0	0	0	0	0
FBgn0005640:chr3L:3545322:+	1	0	0	0	0	0	0	0
FBgn0005658:chr3L:6091222:+	1	0	0	0	0	0	0	0
FBgn0005658:chr3L:6093357:+	1	0	0	0	0	0	0	0
FBgn0005659:chr3R:23562262:+	0	0	0	0	0	0	0	1
FBgn0005671:chr3R:8453423:-	0	2	0	0	0	2	1	0
FBgn0005671:chr3R:8453436:-	0	2	0	0	0	2	1	0
FBgn0005671:chr3R:8453551:-	0	2	0	0	0	2	1	0
FBgn0005677:chr2L:16485670:-	1	0	0	0	0	0	0	0
FBgn0005677:chr2L:16485984:-	1	0	0	0	0	0	0	0
FBgn0008651:chr3R:17259832:-	0	2	0	0	0	0	0	1
FBgn0008651:chr3R:17259845:-	0	2	0	0	0	0	0	1
FBgn0010109:chr2R:4119832:-	1	0	0	0	0	0	0	0
FBgn0010228:chr2R:17590413:-	1	0	0	0	0	0	0	0
FBgn0010228:chr2R:17591993:-	1	0	0	0	0	0	0	0
FBgn0010256:chrX:16342710:+	1	0	0	0	0	0	0	0
FBgn0010389:chr3R:13875083:-	0	0	0	0	0	0	1	0
FBgn0010389:chr3R:13875086:-	0	0	0	0	0	0	1	0
FBgn0010399:chr3R:1349046:-	1	0	0	0	0	0	0	0
FBgn0010414:chr2R:20298070:-	0	0	0	0	0	2	0	0
FBgn0010433:chr3R:4103514:+	0	0	1	0	0	0	0	0
FBgn0010434:chr2R:15116570:+	0	0	0	0	0	0	0	1
FBgn0010470:chr2R:17384713:-	1	0	0	0	0	0	0	0
FBgn0010501:chr2R:19438838:+	1	0	0	0	0	0	0	0
FBgn0011206:chr3L:9118379:-	2	0	0	0	0	0	0	0
FBgn0011206:chr3L:9118395:-	2	0	0	0	0	0	0	0
FBgn0011219:chr2L:8083422:+	1	0	0	0	0	0	0	0
FBgn0011224:chr3R:27763110:-	4	0	0	0	0	0	0	0
FBgn0011272:chr2L:9967312:+	0	0	0	0	0	2	1	0
FBgn0011272:chr2L:9967330:+	0	0	0	0	0	2	1	0
FBgn0011274:chr2L:17420093:-	0	2	0	0	0	0	0	0
FBgn0011278:chr3R:17272042:-	1	0	0	0	0	0	0	0
FBgn0011581:chr3R:20167275:+	0	0	0	0	0	0	0	1
FBgn0011656:chr2R:5817102:-	2	0	0	0	0	0	0	0
FBgn0011661:chrX:8785834:-	1	0	0	0	0	0	0	0
FBgn0011661:chrX:8785836:-	1	0	0	0	0	0	0	0
FBgn0011666:chr3R:21344045:+	0	0	0	0	0	2	0	0
FBgn0011725:chr3R:20026724:-	1	0	0	0	0	0	0	0
FBgn0011758:chrX:17291534:+	1	0	0	0	0	0	0	0
FBgn0011766:chr3R:17458744:-	1	0	0	0	0	0	0	0
FBgn0011826:chrX:16454052:-	1	0	0	0	0	0	0	0
FBgn0011828:chr3L:2630072:-	1	0	0	0	0	0	0	0
FBgn0012034:chr3L:21269445:-	0	0	0	0	0	2	0	0
FBgn0013272:chr2R:18205167:+	0	0	0	1	0	0	0	0
FBgn0013272:chr2R:18205170:+	0	0	0	1	0	0	0	0
FBgn0013272:chr2R:18205184:+	0	0	0	1	0	0	0	0
FBgn0013300:chr2L:14881652:-	0	2	0	0	0	0	0	1
FBgn0013305:chr2R:8767328:-	0	2	0	0	0	0	0	0
FBgn0013342:chr3L:1637767:-	0	0	0	0	0	0	0	1
FBgn0013469:chr3L:11001924:-	2	0	0	0	0	0	0	0
FBgn0013576:chr3R:1109077:-	1	0	0	0	0	0	0	0
FBgn0013717:chr3L:18615231:-	1	0	0	0	0	0	0	0
FBgn0013718:chr3L:14198532:+	0	0	0	0	0	0	0	1
FBgn0013725:chr2R:10319840:-	0	2	0	0	0	0	0	0
FBgn0013726:chr2R:4125364:+	0	0	0	0	0	0	0	1
FBgn0013733:chr2R:9798442:-	2	0	0	0	0	0	0	0
FBgn0013733:chr2R:9798451:-	2	0	0	0	0	0	0	0
FBgn0013751:chr3L:3846153:+	0	0	0	0	1	2	1	1
FBgn0013751:chr3L:3846211:+	0	0	0	0	1	2	1	1
FBgn0013759:chr3R:17634409:-	1	0	0	0	0	0	0	0
FBgn0013767:chr3R:10140658:+	0	0	0	0	0	0	0	1
FBgn0013813:chr3R:24312675:+	1	0	0	0	0	0	0	0
FBgn0013948:chr3R:17774836:+	2	0	0	0	0	0	0	0
FBgn0013983:chr2R:14301077:-	1	0	0	0	0	0	0	0
FBgn0013988:chr2R:11840023:-	0	0	0	0	0	0	0	1
FBgn0013995:chr3R:16803998:+	1	0	0	0	0	0	0	0
FBgn0013997:chr3L:12139675:+	0	0	0	0	0	0	0	1
FBgn0014002:chr3L:15134588:-	0	0	0	0	0	0	0	1
FBgn0014028:chr2R:2695116:+	0	0	0	0	0	0	0	1
FBgn0014163:chr3L:16401545:-	1	0	0	0	0	0	0	0
FBgn0014269:chr2R:14858656:-	1	0	0	0	0	0	0	0
FBgn0014343:chr3L:12686848:+	1	0	0	0	0	0	0	0
FBgn0014467:chrX:18265436:+	1	2	0	0	0	0	0	0
FBgn0014859:chr2L:20714416:-	1	0	0	0	0	0	1	0
FBgn0014859:chr2L:20714589:-	1	0	0	0	0	0	1	0
FBgn0014865:chr2R:11296351:+	0	0	0	0	0	0	0	1
FBgn0014869:chr3R:24973970:+	0	0	0	0	0	0	0	1
FBgn0014869:chr3R:24974084:+	0	0	0	0	0	0	0	1
FBgn0014869:chr3R:24974103:+	0	0	0	0	0	0	0	1
FBgn0015024:chrX:12547816:+	1	0	0	0	0	0	0	0
FBgn0015286:chrX:3613665:-	1	0	0	0	0	0	0	0
FBgn0015295:chr2R:12090388:-	0	0	0	0	0	0	0	1
FBgn0015323:chr3R:14531174:+	1	0	0	0	0	0	0	0
FBgn0015402:chr3R:1309607:-	1	0	0	0	0	0	0	0
FBgn0015513:chr3R:19607508:+	1	0	0	0	0	0	0	0
FBgn0015550:chr3L:17352750:+	0	0	0	0	1	0	1	0
FBgn0015567:chr2L:414775:-	0	2	0	0	0	0	0	0
FBgn0015576:chr3R:3341391:-	0	0	1	0	0	0	0	0
FBgn0015591:chr3R:20590780:-	1	0	0	0	0	0	0	0
FBgn0015664:chr2L:9967455:-	0	0	0	0	0	2	1	0
FBgn0015766:chr3L:5570448:-	1	0	0	0	0	0	0	0
FBgn0015903:chr2R:19468615:+	2	0	0	0	0	0	0	0
FBgn0015904:chr3L:12573774:+	0	0	0	1	0	0	0	0
FBgn0015907:chr2R:16490492:+	1	0	0	0	0	0	0	0
FBgn0016032:chr2R:2937301:+	0	2	0	0	0	0	0	0
FBgn0016059:chr2R:13570499:-	1	0	0	0	0	0	0	0
FBgn0016059:chr2R:13571000:-	1	0	0	0	0	0	0	0
FBgn0016070:chr3L:8990346:-	0	0	0	0	0	0	0	1
FBgn0016070:chr3L:8991089:-	0	0	0	0	0	0	0	1
FBgn0016075:chr2L:5027412:-	1	0	0	0	0	0	0	0
FBgn0016076:chr2L:5305708:+	0	0	0	0	1	0	1	0
FBgn0016076:chr2L:5305722:+	0	0	0	0	1	0	1	0
FBgn0016081:chr3L:9672203:-	0	2	0	0	0	0	0	0
FBgn0016660:chr2L:5404342:+	1	0	0	0	0	0	0	0
FBgn0016694:chr3L:7821118:-	1	0	0	0	0	0	0	0
FBgn0016797:chr3L:19228191:-	2	0	0	0	0	0	0	0
FBgn0016930:chr2L:14234108:-	1	0	0	0	0	0	0	0
FBgn0017397:chr3R:17867914:+	0	4	0	0	0	0	0	0
FBgn0017561:chrX:10784853:-	1	0	0	0	0	0	0	0
FBgn0017561:chrX:10784957:-	1	0	0	0	0	0	0	0
FBgn0017590:chr3R:18725024:+	1	0	0	0	0	0	0	0
FBgn0019809:chr2L:9608479:+	1	0	0	0	0	0	0	0
FBgn0019929:chrX:9759251:+	1	0	0	0	0	0	0	0
FBgn0020238:chr3R:14068253:+	1	0	0	0	0	0	0	0
FBgn0020248:chr3L:1478931:-	0	2	0	0	0	0	0	0
FBgn0020249:chr3R:4183057:+	0	2	0	0	0	0	0	0
FBgn0020299:chr3R:10418185:+	1	0	0	0	0	0	0	0
FBgn0020306:chr2R:17210949:+	1	0	0	0	0	0	0	0
FBgn0020306:chr2R:17210964:+	1	0	0	0	0	0	0	0
FBgn0020378:chrX:9623708:+	1	0	0	0	0	0	0	0
FBgn0020378:chrX:9624180:+	1	0	0	0	0	0	0	0
FBgn0020496:chr3R:8837388:+	2	0	0	0	0	0	0	0
FBgn0020496:chr3R:8837487:+	2	0	0	0	0	0	0	0
FBgn0020517:chr3R:6512665:+	1	0	0	0	0	0	0	0
FBgn0020617:chr2R:16804285:+	1	0	0	0	0	0	0	0
FBgn0020621:chr2R:5172602:-	1	0	0	0	0	0	0	0
FBgn0020647:chr3R:19857096:-	1	0	0	0	0	0	0	0
FBgn0020907:chr3R:12409382:-	1	0	0	0	0	0	0	0
FBgn0020912:chr3R:26738610:+	1	0	0	0	0	0	0	0
FBgn0021764:chrX:580873:+	1	0	0	0	0	0	0	0
FBgn0021873:chr2L:6323767:+	0	0	0	0	0	0	0	1
FBgn0023001:chr3L:7127618:+	1	0	0	0	0	0	0	0
FBgn0023096:chr2L:17982472:-	0	0	0	1	0	0	0	0
FBgn0023215:chrX:3582270:+	1	0	0	0	0	0	0	0
FBgn0023215:chrX:3582288:+	1	0	0	0	0	0	0	0
FBgn0023215:chrX:3583398:+	1	0	0	0	0	0	0	0
FBgn0023407:chr2L:13549323:-	0	0	0	0	0	2	0	0
FBgn0023415:chr2L:11015642:+	1	0	0	0	0	0	0	0
FBgn0023417:chr3L:21591958:+	1	0	0	0	0	0	0	1
FBgn0023444:chr2L:415069:+	0	2	0	0	0	0	0	0
FBgn0024179:chr3L:4071713:-	0	0	2	0	0	0	0	0
FBgn0024184:chrX:17663416:+	3	0	0	0	0	0	0	0
FBgn0024238:chrX:17194654:-	1	0	0	0	0	0	0	0
FBgn0024244:chr2L:3539251:+	1	0	0	0	0	0	0	0
FBgn0024244:chr2L:3539735:+	1	0	0	0	0	0	0	0
FBgn0024249:chr2R:12165863:-	0	0	0	0	1	2	1	0
FBgn0024250:chrX:7201974:+	2	0	0	0	0	0	0	0
FBgn0024251:chrX:21239063:+	2	0	0	0	0	0	0	0
FBgn0024277:chr3L:1022889:-	1	0	0	0	0	0	0	0
FBgn0024294:chr2R:3035203:+	1	0	0	0	0	0	0	0
FBgn0024308:chrX:12636108:-	1	0	0	0	0	0	0	0
FBgn0024308:chrX:12636476:-	1	0	0	0	0	0	0	0
FBgn0024315:chr2R:12555183:-	1	0	0	0	0	0	0	0
FBgn0024734:chr2L:16251786:-	0	0	0	1	0	0	0	0
FBgn0024753:chrX:14823754:+	0	4	0	0	0	0	0	0
FBgn0024753:chrX:14824137:+	0	4	0	0	0	0	0	0
FBgn0024753:chrX:14824349:+	0	4	0	0	0	0	0	0
FBgn0024754:chr2R:11456907:-	0	2	0	0	0	0	0	0
FBgn0024947:chr2L:2883113:-	1	0	0	0	0	0	0	0
FBgn0024947:chr2L:2883126:-	1	0	0	0	0	0	0	0
FBgn0024963:chr3R:15556681:+	2	0	0	0	0	0	0	0
FBgn0024980:chrX:2638099:-	1	0	0	0	0	0	0	0
FBgn0024989:chrX:237078:+	1	0	0	0	0	0	0	0
FBgn0025111:chrX:10680913:-	0	0	0	0	0	0	1	0
FBgn0025373:chr2R:7195070:-	0	0	0	0	0	0	0	1
FBgn0025394:chrX:1407092:+	1	0	0	0	0	0	0	0
FBgn0025455:chr3L:17550888:-	1	0	0	0	0	0	0	0
FBgn0025525:chr3L:1177274:-	2	0	0	0	0	0	0	0
FBgn0025878:chr2R:18267017:+	0	0	0	0	1	2	1	0
FBgn0026059:chr3R:11908792:-	0	2	0	0	0	0	0	0
FBgn0026059:chr3R:11919271:-	1	0	0	0	0	0	0	0
FBgn0026063:chr3R:7178853:-	0	2	0	0	0	0	0	0
FBgn0026064:chr3R:7178853:-	0	2	0	0	0	0	0	0
FBgn0026077:chr3R:1926609:-	3	0	0	0	0	0	0	0
FBgn0026179:chr3L:21051932:+	1	0	0	0	0	0	0	0
FBgn0026188:chr3R:5243664:+	1	0	0	0	0	0	0	0
FBgn0026239:chr3R:14809747:+	1	0	0	0	0	0	0	0
FBgn0026411:chrX:8699808:-	1	0	0	0	0	0	0	0
FBgn0026439:chr2L:9333568:+	1	0	0	0	0	0	0	0
FBgn0026439:chr2L:9333590:+	1	0	0	0	0	0	0	0
FBgn0026620:chr3R:574777:-	0	0	0	0	0	0	0	1
FBgn0026876:chrX:1133925:-	1	0	0	0	0	0	0	0
FBgn0027066:chr2R:2637037:+	0	2	0	0	0	0	0	0
FBgn0027081:chr2L:12103734:+	0	2	0	0	0	0	0	0
FBgn0027081:chr2L:12103786:+	0	2	0	0	0	0	0	0
FBgn0027081:chr2L:12104283:+	0	2	0	0	0	0	0	0
FBgn0027094:chr2L:8381668:-	0	0	0	0	1	2	1	0
FBgn0027094:chr2L:8381756:-	0	0	0	0	1	2	1	0
FBgn0027280:chrX:7838696:-	1	0	0	0	0	0	0	0
FBgn0027287:chrX:15393043:+	1	0	0	0	0	0	0	0
FBgn0027492:chr3R:23406997:-	1	0	0	0	0	0	0	0
FBgn0027494:chr3R:23478558:+	1	0	0	0	0	0	0	0
FBgn0027495:chr2R:8028110:+	1	0	0	0	0	0	0	0
FBgn0027497:chr3R:1568214:+	1	0	0	0	0	0	0	0
FBgn0027527:chr3R:2060431:+	1	0	0	0	0	0	0	0
FBgn0027546:chrX:5894830:-	1	0	0	0	0	2	0	0
FBgn0027556:chrX:16807231:+	1	0	0	0	0	0	0	0
FBgn0027596:chr2R:10799719:-	0	0	0	0	0	0	0	1
FBgn0027655:chr3R:24521964:+	0	2	0	0	0	0	0	0
FBgn0027788:chr2R:3886078:-	2	0	0	0	0	0	1	0
FBgn0027790:chr3L:1810589:+	1	0	0	0	0	0	0	0
FBgn0027835:chr2R:14300502:+	1	0	0	0	0	0	0	0
FBgn0027842:chr2R:6366073:-	1	0	0	0	0	0	0	0
FBgn0027844:chr2L:13803627:+	1	0	0	0	0	0	0	0
FBgn0027865:chr3R:21707162:-	1	0	0	0	0	0	0	0
FBgn0027932:chr2L:8419874:+	2	0	0	0	0	0	0	0
FBgn0027951:chr3R:1473632:-	1	0	0	0	0	0	0	0
FBgn0028341:chrX:9539938:-	1	0	0	0	0	0	0	0
FBgn0028341:chrX:9544790:-	1	0	0	0	0	0	0	0
FBgn0028371:chr2R:18624550:-	0	2	0	0	0	0	0	0
FBgn0028373:chr3R:24684915:-	1	0	0	0	0	0	0	0
FBgn0028381:chr3R:12327394:-	0	0	0	0	0	0	0	1
FBgn0028386:chr3R:16118987:+	2	0	0	0	0	0	0	0
FBgn0028386:chr3R:16118988:+	2	0	0	0	0	0	0	0
FBgn0028407:chr2R:7942593:+	0	0	0	0	0	0	0	1
FBgn0028408:chr2R:5182694:+	1	0	0	0	0	0	0	0
FBgn0028427:chr3L:21209994:+	0	2	0	0	0	0	0	0
FBgn0028428:chr2R:10166938:+	1	0	0	0	0	0	0	0
FBgn0028482:chr2L:4324573:+	0	0	0	0	0	0	0	1
FBgn0028490:chr2L:11526712:-	0	2	0	0	0	2	1	1
FBgn0028526:chr2L:14109304:-	0	2	0	0	0	0	0	0
FBgn0028527:chr2L:13665528:+	1	0	0	0	0	0	0	0
FBgn0028550:chrX:1168682:-	2	0	0	0	0	0	0	0
FBgn0028642:chr2R:2973819:+	1	0	0	0	0	0	0	0
FBgn0028644:chr2L:16000537:+	1	0	0	0	0	0	0	0
FBgn0028669:chr2R:14799219:-	0	0	0	0	0	0	0	1
FBgn0028689:chr2R:10639823:-	0	0	1	0	0	0	0	0
FBgn0028699:chr3L:4910386:+	1	0	0	0	0	0	0	0
FBgn0028734:chr3R:5934033:-	1	0	0	0	0	0	0	0
FBgn0028734:chr3R:5934945:-	4	0	0	0	0	0	0	0
FBgn0028734:chr3R:5935843:-	2	0	0	0	0	0	0	0
FBgn0028734:chr3R:5935844:-	2	0	0	0	0	0	0	0
FBgn0028789:chr3L:9034477:+	1	0	0	0	0	0	0	0
FBgn0028870:chr2L:14760767:+	0	0	0	0	0	0	0	1
FBgn0028953:chr2R:13345186:+	0	0	0	0	0	0	0	1
FBgn0029003:chrX:5907211:-	1	0	0	0	0	0	0	0
FBgn0029123:chr2L:8825625:+	1	0	0	0	0	0	0	0
FBgn0029170:chr3R:22874947:+	1	0	0	0	0	0	0	0
FBgn0029504:chrX:7590727:-	1	0	0	0	0	0	1	0
FBgn0029573:chrX:1263393:+	1	0	0	0	0	0	0	0
FBgn0029719:chrX:4548481:-	1	0	0	0	0	0	0	0
FBgn0029720:chrX:4560730:-	1	0	0	0	0	0	0	0
FBgn0029761:chrX:5259258:+	1	0	0	0	0	0	0	0
FBgn0029775:chrX:5488306:+	2	0	0	0	0	0	0	0
FBgn0029810:chrX:5686180:+	0	4	0	0	0	0	0	0
FBgn0029811:chrX:5698764:+	1	0	0	0	0	0	0	0
FBgn0029814:chrX:5712597:+	0	0	1	0	0	0	0	0
FBgn0029830:chrX:5860314:+	1	0	0	0	0	0	0	0
FBgn0029839:chrX:5975400:-	1	0	0	0	0	0	0	0
FBgn0029843:chrX:5987902:+	3	0	0	0	0	0	0	0
FBgn0029863:chrX:6198023:+	1	0	0	0	0	0	0	0
FBgn0029896:chrX:6634019:-	1	0	0	0	0	0	0	0
FBgn0029912:chrX:6738376:+	1	0	0	0	0	0	0	0
FBgn0029939:chrX:7087109:+	1	0	0	0	0	0	0	0
FBgn0029939:chrX:7120514:+	2	0	0	0	0	0	0	0
FBgn0029951:chrX:7468323:+	0	0	0	1	0	0	0	0
FBgn0029955:chrX:7609149:-	1	0	0	0	0	0	0	0
FBgn0029955:chrX:7611961:-	1	0	0	0	0	0	0	0
FBgn0029975:chrX:7802925:+	1	0	0	0	0	0	0	0
FBgn0029996:chrX:7986125:-	1	0	0	0	0	0	0	0
FBgn0029996:chrX:7986143:-	1	0	0	0	0	0	0	0
FBgn0030028:chrX:8165437:-	0	2	0	0	0	0	1	0
FBgn0030078:chrX:8965441:-	0	2	0	0	0	0	0	0
FBgn0030094:chrX:9047408:+	0	0	0	0	0	0	0	1
FBgn0030151:chrX:9674220:+	0	0	0	0	0	0	0	1
FBgn0030166:chrX:9864791:-	1	0	0	0	0	0	0	0
FBgn0030167:chrX:9874570:-	0	0	0	0	0	0	0	1
FBgn0030167:chrX:9874660:-	0	0	0	0	0	0	0	1
FBgn0030187:chrX:10126428:-	0	2	0	0	0	0	0	0
FBgn0030260:chrX:10957118:-	1	0	0	0	0	0	0	0
FBgn0030268:chrX:11030456:-	1	0	0	0	0	0	0	0
FBgn0030268:chrX:11030510:-	1	0	0	0	0	0	0	0
FBgn0030268:chrX:11030703:-	1	0	0	0	0	0	0	0
FBgn0030278:chrX:11076964:+	0	0	0	0	0	0	0	1
FBgn0030362:chrX:11909538:+	0	2	0	0	0	0	0	0
FBgn0030433:chrX:12801139:+	0	2	0	0	0	0	0	0
FBgn0030452:chrX:13025571:+	1	0	0	0	0	0	0	0
FBgn0030469:chrX:13198915:+	1	0	0	0	0	0	0	0
FBgn0030484:chrX:13298789:+	1	0	0	0	0	0	0	0
FBgn0030494:chrX:13437676:+	1	0	0	0	0	0	0	0
FBgn0030539:chrX:14068794:+	1	0	0	0	0	0	0	0
FBgn0030592:chrX:14790921:-	1	0	0	0	0	0	0	0
FBgn0030598:chrX:14817522:-	0	2	0	0	0	0	0	0
FBgn0030608:chrX:14970236:-	1	0	0	0	0	0	0	0
FBgn0030618:chrX:15072495:+	1	0	0	0	0	0	0	0
FBgn0030778:chrX:16590165:+	1	0	0	0	0	0	0	0
FBgn0030796:chrX:16705733:+	1	0	0	0	0	0	0	0
FBgn0030796:chrX:16710909:+	1	0	0	0	1	2	1	0
FBgn0030796:chrX:16710916:+	1	0	0	0	1	2	1	0
FBgn0030810:chrX:16909103:-	1	0	0	0	0	0	0	0
FBgn0030811:chrX:16916337:+	0	2	0	0	0	0	0	0
FBgn0030841:chrX:17346576:-	2	0	0	0	0	0	0	0
FBgn0030847:chrX:17480979:+	0	2	0	0	0	0	0	0
FBgn0030955:chrX:18669263:+	1	0	0	0	0	0	0	0
FBgn0030982:chrX:18977212:-	1	0	0	0	0	0	0	0
FBgn0030990:chrX:19073988:-	1	0	0	0	0	0	0	0
FBgn0030991:chrX:19074211:+	1	0	0	0	0	0	0	0
FBgn0030997:chrX:19095810:-	2	0	0	0	0	0	0	0
FBgn0031097:chrX:20110934:+	1	0	0	0	0	0	0	0
FBgn0031132:chrX:20693173:+	0	0	0	0	0	0	0	1
FBgn0031176:chrX:21273765:-	0	0	0	0	0	0	0	1
FBgn0031195:chrX:21917035:+	1	0	0	0	0	0	0	0
FBgn0031220:chr2L:121751:-	1	0	0	0	0	0	0	0
FBgn0031220:chr2L:121974:-	1	0	0	0	0	0	0	0
FBgn0031250:chr2L:357868:-	0	0	0	0	0	0	0	1
FBgn0031255:chr2L:423452:+	1	0	0	0	0	0	0	0
FBgn0031294:chr2L:1043225:-	2	0	0	0	0	0	0	0
FBgn0031298:chr2L:1080913:+	1	0	0	0	0	0	0	0
FBgn0031375:chr2L:1954519:-	2	0	0	0	0	0	0	0
FBgn0031408:chr2L:2236826:-	0	2	0	0	0	0	0	0
FBgn0031431:chr2L:2552844:-	0	0	0	0	0	0	0	1
FBgn0031461:chr2L:2808321:+	0	0	0	0	0	0	0	1
FBgn0031601:chr2L:4403255:+	1	0	0	0	0	0	0	0
FBgn0031636:chr2L:4839219:+	1	0	0	0	0	0	0	0
FBgn0031637:chr2L:4846764:-	1	0	0	0	0	0	0	0
FBgn0031637:chr2L:4847245:-	1	0	0	0	0	0	0	0
FBgn0031637:chr2L:4847292:-	1	0	0	0	0	0	0	0
FBgn0031645:chr2L:4892115:+	1	0	0	0	0	0	0	0
FBgn0031674:chr2L:5045398:+	0	2	0	0	0	0	0	0
FBgn0031738:chr2L:5800204:-	1	0	0	0	0	0	0	0
FBgn0031745:chr2L:5879481:-	0	0	0	1	0	0	0	0
FBgn0031753:chr2L:5956450:-	0	2	0	0	0	0	0	0
FBgn0031759:chr2L:5999483:-	1	0	0	0	0	0	0	0
FBgn0031769:chr2L:6050829:+	1	0	0	0	0	0	0	0
FBgn0031812:chr2L:6424337:+	1	0	0	0	0	0	0	0
FBgn0031835:chr2L:6601066:-	0	0	0	0	0	2	0	0
FBgn0031850:chr2L:6708656:-	3	0	0	0	0	0	0	0
FBgn0031850:chr2L:6709080:-	3	0	0	0	0	0	0	0
FBgn0031850:chr2L:6709085:-	3	0	0	0	0	0	0	0
FBgn0031858:chr2L:6774039:+	0	0	0	0	0	0	0	1
FBgn0031895:chr2L:7194412:-	1	0	0	0	0	0	0	0
FBgn0031906:chr2L:7398403:-	1	0	0	0	0	0	0	0
FBgn0031914:chr2L:7437506:+	1	0	0	0	0	0	0	0
FBgn0031934:chr2L:7711020:+	0	2	0	0	0	0	0	0
FBgn0031934:chr2L:7711490:+	0	2	0	0	0	0	0	0
FBgn0031939:chr2L:7732668:-	1	0	0	0	0	0	0	0
FBgn0031952:chr2L:7810697:-	1	0	0	0	0	0	0	0
FBgn0031957:chr2L:7860838:-	4	0	0	0	0	0	0	0
FBgn0032022:chr2L:8329050:+	0	2	0	0	0	0	0	0
FBgn0032048:chr2L:8506845:-	1	0	0	0	0	0	0	0
FBgn0032115:chr2L:9397988:-	1	0	0	0	0	0	0	0
FBgn0032125:chr2L:9542947:+	0	0	0	0	0	2	0	0
FBgn0032127:chr2L:9545811:+	0	0	0	0	1	0	1	0
FBgn0032130:chr2L:9568892:+	1	0	0	0	0	0	0	0
FBgn0032130:chr2L:9570317:+	1	0	0	0	0	0	0	0
FBgn0032170:chr2L:9957287:+	0	0	0	1	0	0	0	0
FBgn0032171:chr2L:9957807:-	0	0	0	1	0	0	0	0
FBgn0032180:chr2L:10087884:-	1	2	0	0	0	0	0	0
FBgn0032187:chr2L:10144850:+	0	0	0	1	0	0	0	0
FBgn0032311:chr2L:10870240:+	0	2	0	0	0	0	0	0
FBgn0032312:chr2L:10888903:-	0	0	0	0	0	0	1	0
FBgn0032341:chr2L:11106638:-	0	0	0	0	0	0	0	1
FBgn0032343:chr2L:11113063:-	0	2	0	0	0	0	0	0
FBgn0032469:chr2L:13060115:-	2	0	0	0	0	0	0	0
FBgn0032482:chr2L:13203768:+	1	0	0	0	0	0	0	0
FBgn0032490:chr2L:13227853:+	0	0	1	0	0	0	0	0
FBgn0032504:chr2L:13310822:-	0	0	0	0	1	0	1	0
FBgn0032593:chr2L:16672741:-	1	0	0	0	0	0	0	0
FBgn0032627:chr2L:17143327:+	2	0	0	0	0	0	0	0
FBgn0032651:chr2L:17589507:+	1	0	0	0	0	0	0	0
FBgn0032673:chr2L:18184630:-	0	0	1	0	0	0	0	0
FBgn0032681:chr2L:18484416:-	0	0	0	1	0	0	0	0
FBgn0032681:chr2L:18484421:-	0	0	0	1	0	0	0	0
FBgn0032681:chr2L:18484438:-	0	0	0	1	0	0	0	0
FBgn0032681:chr2L:18484511:-	0	0	0	1	0	0	0	0
FBgn0032683:chr2L:18503975:-	1	0	0	0	0	0	0	0
FBgn0032689:chr2L:18605021:-	0	2	0	0	0	0	0	0
FBgn0032694:chr2L:18617257:+	1	0	0	0	0	0	0	0
FBgn0032719:chr2L:18845184:+	1	0	0	0	0	0	0	1
FBgn0032741:chr2L:19027712:+	1	0	0	0	0	0	0	0
FBgn0032785:chr2L:19454256:+	0	2	0	0	0	0	0	0
FBgn0032803:chr2L:19538429:+	1	0	0	0	0	0	0	0
FBgn0032820:chr2L:19764134:-	0	0	0	0	0	2	0	0
FBgn0032840:chr2L:20027915:+	1	0	0	0	0	0	0	0
FBgn0032901:chr2L:20890393:-	0	0	0	0	0	2	1	1
FBgn0032910:chr2L:21069891:-	0	2	0	0	0	0	0	0
FBgn0032940:chr2L:21308986:-	0	0	0	0	0	0	0	1
FBgn0032946:chr2L:21381660:+	1	0	0	0	0	0	0	0
FBgn0033033:chr2R:1579200:-	1	0	0	0	0	0	0	0
FBgn0033101:chr2R:2646404:-	0	2	0	0	0	0	0	0
FBgn0033158:chr2R:3198913:+	1	0	0	0	0	0	0	0
FBgn0033192:chr2R:3433167:+	0	0	0	0	1	0	1	0
FBgn0033247:chr2R:3875967:+	0	0	0	0	1	2	1	0
FBgn0033247:chr2R:3876037:+	0	0	0	0	1	2	1	0
FBgn0033247:chr2R:3876172:+	0	0	0	0	1	2	1	0
FBgn0033252:chr2R:3953056:-	2	0	0	0	0	0	0	0
FBgn0033257:chr2R:3979203:+	1	2	0	0	0	0	0	0
FBgn0033277:chr2R:4141761:+	0	0	0	0	0	0	0	1
FBgn0033368:chr2R:4947411:-	1	0	0	0	0	0	0	0
FBgn0033403:chr2R:5239139:-	1	0	0	0	0	0	0	0
FBgn0033504:chr2R:6159407:+	1	0	0	0	0	0	0	0
FBgn0033504:chr2R:6159422:+	1	0	0	0	0	0	0	0
FBgn0033504:chr2R:6163689:+	0	2	0	0	0	0	0	0
FBgn0033504:chr2R:6166251:+	1	0	0	0	0	0	0	0
FBgn0033558:chr2R:6721741:-	0	0	0	0	0	0	1	0
FBgn0033592:chr2R:7127619:-	0	2	0	0	0	0	0	0
FBgn0033597:chr2R:7140903:-	2	0	0	0	0	0	0	0
FBgn0033624:chr2R:7246658:-	0	2	0	0	0	0	0	0
FBgn0033638:chr2R:7520075:-	1	0	0	0	0	0	0	0
FBgn0033645:chr2R:7573937:-	0	0	0	0	0	0	0	1
FBgn0033650:chr2R:7655958:+	1	0	0	0	0	0	0	0
FBgn0033663:chr2R:7778520:-	0	0	0	0	0	0	0	1
FBgn0033679:chr2R:7967046:-	1	0	0	0	0	0	0	1
FBgn0033717:chr2R:8232118:-	0	2	0	0	0	0	0	0
FBgn0033728:chr2R:8289720:+	1	0	0	0	0	0	0	0
FBgn0033738:chr2R:8323334:-	0	0	0	0	0	2	1	0
FBgn0033765:chr2R:8567094:-	1	2	0	0	0	0	0	0
FBgn0033782:chr2R:8816368:+	1	0	0	0	0	0	0	0
FBgn0033784:chr2R:8824032:-	1	0	0	0	0	0	0	0
FBgn0033792:chr2R:9003810:+	0	0	0	0	0	2	0	0
FBgn0033857:chr2R:9461734:-	0	2	0	0	0	0	0	0
FBgn0033911:chr2R:10088226:-	1	0	0	0	0	0	0	0
FBgn0033936:chr2R:10307846:+	1	0	0	0	0	0	0	0
FBgn0033939:chr2R:10346241:+	1	0	0	0	0	0	0	0
FBgn0033942:chr2R:10402713:-	1	0	0	0	0	0	0	0
FBgn0033987:chr2R:10851693:+	2	0	0	0	0	2	0	0
FBgn0034021:chr2R:11370338:-	1	0	0	0	0	0	0	0
FBgn0034030:chr2R:11437485:-	1	0	0	0	0	0	0	0
FBgn0034031:chr2R:11448681:+	1	0	0	0	0	0	0	0
FBgn0034087:chr2R:12074090:+	1	0	0	0	0	0	0	0
FBgn0034091:chr2R:12109301:-	1	0	0	0	0	0	0	0
FBgn0034136:chr2R:12452763:-	1	0	0	0	0	0	0	0
FBgn0034145:chr2R:12499656:+	1	0	0	0	0	0	0	0
FBgn0034157:chr2R:12667410:+	1	0	0	0	0	0	0	0
FBgn0034159:chr2R:12683912:-	0	0	0	1	0	0	0	0
FBgn0034180:chr2R:12903367:-	0	2	0	0	0	0	0	0
FBgn0034180:chr2R:12903391:-	0	2	0	0	0	0	0	0
FBgn0034201:chr2R:13042204:+	1	0	0	0	0	0	0	0
FBgn0034218:chr2R:13328109:+	1	0	0	0	0	0	0	0
FBgn0034224:chr2R:13363566:-	1	0	0	0	0	0	0	0
FBgn0034247:chr2R:13471514:-	1	0	0	0	0	0	0	0
FBgn0034261:chr2R:13571102:+	1	0	0	0	0	0	0	0
FBgn0034267:chr2R:13616470:+	1	0	0	0	0	0	0	0
FBgn0034282:chr2R:13759515:-	1	0	0	0	0	0	0	0
FBgn0034286:chr2R:13895370:-	1	0	0	0	0	0	0	0
FBgn0034300:chr2R:13983266:+	1	0	0	0	0	0	0	0
FBgn0034315:chr2R:14071618:-	1	0	0	0	0	0	0	0
FBgn0034371:chr2R:14540279:-	0	0	1	0	0	0	0	0
FBgn0034374:chr2R:14574280:-	0	2	0	0	0	0	0	0
FBgn0034391:chr2R:14670806:+	1	0	0	0	0	0	0	0
FBgn0034397:chr2R:14718751:+	0	0	0	1	0	0	0	0
FBgn0034412:chr2R:14878540:+	0	2	0	0	0	0	0	0
FBgn0034420:chr2R:15057645:+	0	2	0	0	0	0	0	0
FBgn0034520:chr2R:16444364:+	0	0	0	0	0	0	0	1
FBgn0034611:chr2R:17169805:+	0	0	0	0	0	2	1	0
FBgn0034611:chr2R:17169882:+	0	0	0	0	0	2	1	0
FBgn0034611:chr2R:17169905:+	0	0	0	0	0	2	1	0
FBgn0034644:chr2R:17541144:+	0	0	0	0	0	0	0	1
FBgn0034657:chr2R:17608002:+	1	0	0	0	0	0	0	0
FBgn0034657:chr2R:17608017:+	1	0	0	0	0	0	0	0
FBgn0034657:chr2R:17608262:+	1	0	0	0	0	0	0	0
FBgn0034660:chr2R:17679160:-	0	2	0	0	0	0	0	0
FBgn0034694:chr2R:17990693:+	0	2	0	0	0	0	0	0
FBgn0034717:chr2R:18180964:+	0	2	0	0	0	0	0	0
FBgn0034717:chr2R:18180966:+	0	2	0	0	0	0	0	0
FBgn0034720:chr2R:18242209:-	0	2	0	0	0	0	0	0
FBgn0034763:chr2R:18558257:+	1	0	0	0	0	0	0	0
FBgn0034789:chr2R:18762313:+	1	0	0	0	0	0	0	0
FBgn0034810:chr2R:18901524:-	1	0	0	0	0	0	0	0
FBgn0034822:chr2R:18987896:-	1	0	0	0	0	0	0	0
FBgn0034842:chr2R:19197339:-	0	0	0	0	0	0	0	1
FBgn0034865:chr2R:19359233:-	0	0	0	0	0	0	0	1
FBgn0034878:chr2R:19438978:-	1	0	0	0	0	0	0	0
FBgn0034886:chr2R:19547053:+	1	0	0	0	0	0	0	0
FBgn0034886:chr2R:19547203:+	1	0	0	0	0	0	0	0
FBgn0034886:chr2R:19547228:+	1	0	0	0	0	0	0	0
FBgn0034886:chr2R:19547895:+	1	0	0	0	0	0	0	0
FBgn0034886:chr2R:19554567:+	0	0	1	0	0	0	0	0
FBgn0034886:chr2R:19556630:+	1	0	0	0	0	0	0	0
FBgn0034903:chr2R:19685240:-	2	2	0	0	0	0	0	0
FBgn0035000:chr2R:20265354:+	1	0	0	0	0	2	1	0
FBgn0035001:chr2R:20289907:-	0	0	0	0	0	0	0	1
FBgn0035005:chr2R:20333023:+	0	0	0	0	0	0	0	1
FBgn0035087:chr2R:20850754:-	0	0	0	0	1	2	1	0
FBgn0035091:chr2R:20873478:+	1	0	0	0	0	0	0	0
FBgn0035092:chr2R:20919903:+	0	2	0	0	0	0	0	0
FBgn0035100:chr3L:152589:-	1	0	0	0	0	0	0	0
FBgn0035101:chr3L:152884:+	1	0	0	0	0	0	0	0
FBgn0035106:chr3L:198587:-	2	0	0	0	0	0	0	0
FBgn0035113:chr3L:223069:-	1	0	0	0	0	0	0	0
FBgn0035131:chr3L:332306:-	0	2	0	0	0	0	0	0
FBgn0035157:chr3L:699143:-	1	0	0	0	0	0	0	0
FBgn0035187:chr3L:1193169:-	0	2	0	0	0	0	0	0
FBgn0035202:chr3L:1295742:+	1	0	0	0	0	0	0	0
FBgn0035237:chr3L:1593262:+	1	0	0	0	0	0	0	0
FBgn0035266:chr3L:1738572:+	0	2	0	0	0	0	0	0
FBgn0035266:chr3L:1739162:+	0	2	0	0	0	0	0	0
FBgn0035266:chr3L:1739245:+	0	2	0	0	0	0	0	0
FBgn0035290:chr3L:1910197:-	1	0	0	0	0	0	0	0
FBgn0035308:chr3L:2163860:-	1	0	0	0	0	0	0	0
FBgn0035317:chr3L:2229646:+	0	0	0	1	0	0	0	0
FBgn0035329:chr3L:2282883:+	1	0	0	0	0	0	0	0
FBgn0035329:chr3L:2282997:+	1	0	0	0	0	0	0	0
FBgn0035330:chr3L:2282883:+	1	0	0	0	0	0	0	0
FBgn0035330:chr3L:2282997:+	1	0	0	0	0	0	0	0
FBgn0035357:chr3L:2632277:+	1	0	0	0	0	0	0	0
FBgn0035371:chr3L:2772323:-	1	0	0	0	0	0	0	0
FBgn0035382:chr3L:2961534:+	0	0	0	0	0	0	0	2
FBgn0035397:chr3L:3081630:+	0	0	0	0	0	0	0	1
FBgn0035398:chr3L:3106956:-	2	0	0	0	0	0	0	0
FBgn0035425:chr3L:3239520:-	0	2	0	0	0	0	0	0
FBgn0035428:chr3L:3271038:+	0	2	0	0	0	0	0	0
FBgn0035431:chr3L:3300968:-	1	0	0	0	0	0	0	0
FBgn0035431:chr3L:3301138:-	1	0	0	0	0	0	0	0
FBgn0035431:chr3L:3302416:-	0	2	0	0	0	0	0	0
FBgn0035481:chr3L:3964771:-	1	0	0	0	0	0	0	0
FBgn0035490:chr3L:4046611:+	0	0	0	0	0	2	1	0
FBgn0035498:chr3L:4103567:+	1	0	0	0	0	0	0	0
FBgn0035510:chr3L:4209186:-	1	0	0	0	0	0	0	0
FBgn0035538:chr3L:4380376:-	2	0	0	0	0	0	0	0
FBgn0035540:chr3L:4403500:+	0	2	0	0	0	0	0	0
FBgn0035542:chr3L:4414360:+	1	0	0	0	0	0	0	0
FBgn0035542:chr3L:4414667:+	1	2	0	0	0	0	0	0
FBgn0035547:chr3L:4460313:-	1	0	0	0	0	0	0	0
FBgn0035551:chr3L:4480282:+	2	0	0	0	0	0	0	0
FBgn0035577:chr3L:4833074:-	1	0	0	0	0	0	0	0
FBgn0035584:chr3L:4980769:-	1	0	0	0	0	0	0	0
FBgn0035610:chr3L:5522441:-	0	0	0	0	0	0	0	1
FBgn0035617:chr3L:5576789:+	1	0	0	0	0	0	0	0
FBgn0035649:chr3L:5914398:-	0	2	0	0	0	0	0	0
FBgn0035656:chr3L:5969105:-	1	0	0	0	0	0	0	0
FBgn0035663:chr3L:6030211:+	0	0	0	0	0	2	0	0
FBgn0035715:chr3L:6749619:-	0	2	0	0	0	0	0	0
FBgn0035719:chr3L:6937791:+	2	0	0	0	0	0	0	0
FBgn0035761:chr3L:7316247:-	0	0	0	1	0	0	0	0
FBgn0035761:chr3L:7316509:-	0	0	0	1	0	0	0	0
FBgn0035762:chr3L:7316729:+	0	0	0	1	0	0	0	0
FBgn0035765:chr3L:7328343:-	0	0	0	0	0	0	0	1
FBgn0035770:chr3L:7353363:-	1	0	0	0	0	0	0	0
FBgn0035771:chr3L:7353663:+	1	0	0	0	0	0	0	0
FBgn0035777:chr3L:7384179:+	0	0	0	0	0	2	1	0
FBgn0035788:chr3L:7464710:+	0	0	0	0	0	2	1	0
FBgn0035799:chr3L:7576607:+	1	0	0	0	0	0	0	0
FBgn0035844:chr3L:8144908:-	0	0	0	0	0	0	0	1
FBgn0035845:chr3L:8157552:-	1	0	0	0	0	0	0	0
FBgn0035873:chr3L:8313863:+	0	2	0	0	0	0	0	0
FBgn0035906:chr3L:8516600:-	0	2	0	0	0	0	0	0
FBgn0035917:chr3L:8622654:+	0	0	0	0	0	0	1	0
FBgn0035917:chr3L:8623308:+	0	0	0	0	0	0	1	0
FBgn0035917:chr3L:8623370:+	0	0	0	0	0	0	1	0
FBgn0035956:chr3L:9012340:-	1	0	0	0	0	0	0	0
FBgn0035978:chr3L:9350991:-	1	0	0	0	0	0	0	0
FBgn0035989:chr3L:9412461:-	1	0	0	0	0	0	0	0
FBgn0035989:chr3L:9413032:-	1	0	0	0	0	0	0	0
FBgn0035989:chr3L:9413272:-	1	0	0	0	0	0	0	0
FBgn0035997:chr3L:9449356:-	2	0	0	0	0	0	0	0
FBgn0036013:chr3L:9590954:+	0	0	0	0	0	2	0	0
FBgn0036028:chr3L:9672329:+	0	2	0	0	0	0	0	0
FBgn0036030:chr3L:9688530:-	1	0	0	0	0	2	0	0
FBgn0036043:chr3L:9756652:+	1	0	0	0	0	0	0	0
FBgn0036043:chr3L:9767373:+	1	0	0	0	0	0	0	0
FBgn0036059:chr3L:9892329:+	0	0	0	1	0	0	0	0
FBgn0036078:chr3L:10237806:-	0	0	0	0	0	0	0	1
FBgn0036152:chr3L:11287887:-	4	0	0	0	0	0	0	0
FBgn0036155:chr3L:11357985:-	3	0	0	0	0	0	0	0
FBgn0036165:chr3L:11480660:+	2	0	0	0	0	0	0	0
FBgn0036199:chr3L:11714020:+	0	0	0	1	0	0	0	0
FBgn0036211:chr3L:11813049:-	0	2	0	0	0	0	0	0
FBgn0036259:chr3L:12156835:-	1	0	0	0	0	0	0	0
FBgn0036289:chr3L:12490298:-	0	2	0	0	0	0	0	0
FBgn0036316:chr3L:12836205:-	0	2	0	0	0	0	0	0
FBgn0036317:chr3L:12843214:-	0	2	0	0	0	0	0	0
FBgn0036318:chr3L:12843260:+	0	2	0	0	0	0	0	0
FBgn0036352:chr3L:13377891:+	0	0	0	0	0	0	0	1
FBgn0036360:chr3L:13428329:-	1	0	0	0	0	0	0	0
FBgn0036369:chr3L:13467643:-	1	0	0	0	0	0	0	0
FBgn0036377:chr3L:13512701:-	0	0	0	0	0	0	0	1
FBgn0036421:chr3L:14362807:-	0	0	0	0	0	0	0	1
FBgn0036436:chr3L:14671234:-	1	0	0	0	0	0	0	0
FBgn0036454:chr3L:14798352:+	1	0	0	0	0	0	0	0
FBgn0036478:chr3L:15098984:+	1	0	0	0	0	0	0	0
FBgn0036605:chr3L:16312620:-	1	0	0	0	0	0	0	0
FBgn0036606:chr3L:16312961:+	1	0	0	0	0	0	0	0
FBgn0036612:chr3L:16332099:+	1	0	0	0	0	0	0	0
FBgn0036663:chr3L:16793289:-	1	0	0	0	1	0	1	0
FBgn0036672:chr3L:16884328:+	1	0	0	0	0	0	0	0
FBgn0036673:chr3L:16892567:+	1	0	0	0	0	0	0	0
FBgn0036731:chr3L:17474775:-	0	0	0	0	0	0	0	1
FBgn0036732:chr3L:17480223:+	1	0	0	0	0	0	0	0
FBgn0036741:chr3L:17614926:+	0	2	0	0	0	0	0	0
FBgn0036768:chr3L:17880805:+	0	2	0	0	0	0	0	0
FBgn0036773:chr3L:18099230:-	1	0	0	0	0	0	0	0
FBgn0036781:chr3L:18155615:-	0	0	0	0	0	2	1	0
FBgn0036789:chr3L:18495657:-	1	0	0	0	0	0	0	0
FBgn0036790:chr3L:18553358:+	1	0	0	0	0	0	0	0
FBgn0036824:chr3L:18891390:-	0	0	0	0	0	0	0	1
FBgn0036899:chr3L:19656763:-	1	0	0	0	0	0	0	0
FBgn0037044:chr3L:21020995:+	1	0	0	0	0	0	0	0
FBgn0037061:chr3L:21209924:-	0	2	0	0	0	0	0	0
FBgn0037065:chr3L:21278364:-	0	0	0	0	0	0	0	1
FBgn0037069:chr3L:21293688:+	1	0	0	0	0	0	0	0
FBgn0037131:chr3L:21750257:+	1	0	0	0	0	0	0	0
FBgn0037203:chr3L:22882363:+	0	2	0	0	0	0	0	0
FBgn0037207:chr3L:22938759:+	1	0	0	0	0	0	0	0
FBgn0037207:chr3L:22939095:+	1	0	0	0	0	0	0	0
FBgn0037217:chr3R:41011:-	1	0	0	0	0	0	0	0
FBgn0037217:chr3R:41033:-	1	0	0	0	0	0	0	0
FBgn0037235:chr3R:163482:+	0	2	0	0	0	0	0	0
FBgn0037235:chr3R:163704:+	0	2	0	0	0	0	0	0
FBgn0037236:chr3R:163374:-	0	2	0	0	0	0	0	0
FBgn0037236:chr3R:163408:-	0	2	0	0	0	0	0	0
FBgn0037336:chr3R:1373490:-	0	0	0	0	0	0	0	1
FBgn0037371:chr3R:1568168:-	1	0	0	0	0	0	0	0
FBgn0037380:chr3R:1628878:+	1	0	0	0	0	0	0	1
FBgn0037412:chr3R:2047503:-	1	0	0	0	0	0	0	0
FBgn0037414:chr3R:2074714:+	1	0	0	0	0	0	0	0
FBgn0037424:chr3R:2127528:+	1	0	0	0	0	0	0	0
FBgn0037448:chr3R:2308518:+	0	0	0	0	1	2	1	0
FBgn0037448:chr3R:2312711:+	1	0	0	0	0	0	0	0
FBgn0037487:chr3R:3057374:+	1	0	0	0	0	0	0	0
FBgn0037488:chr3R:3068325:+	1	0	0	0	0	0	0	0
FBgn0037533:chr3R:3803488:-	0	2	0	0	0	0	0	0
FBgn0037534:chr3R:3821568:-	1	0	0	0	0	0	0	0
FBgn0037594:chr3R:4378330:+	0	0	0	0	0	0	0	1
FBgn0037662:chr3R:5003284:+	1	0	0	0	0	0	0	0
FBgn0037676:chr3R:5154227:-	1	0	0	0	0	0	0	0
FBgn0037718:chr3R:5412661:+	0	0	0	0	0	0	0	1
FBgn0037728:chr3R:5503653:+	0	0	0	0	0	0	0	1
FBgn0037755:chr3R:5616939:-	0	2	0	0	0	0	0	0
FBgn0037760:chr3R:5635085:-	0	0	0	0	0	0	0	1
FBgn0037766:chr3R:5693842:-	1	0	0	0	0	0	0	0
FBgn0037788:chr3R:5938268:+	0	0	0	0	0	2	0	0
FBgn0037804:chr3R:6110312:+	0	0	0	0	1	2	1	0
FBgn0037820:chr3R:6512665:+	1	0	0	0	0	0	0	0
FBgn0037853:chr3R:6710556:-	0	2	0	0	0	0	0	0
FBgn0037872:chr3R:7028754:+	0	0	0	0	0	0	1	0
FBgn0037877:chr3R:7045766:-	0	2	0	0	0	0	0	0
FBgn0037890:chr3R:7069698:-	0	2	0	0	0	0	0	0
FBgn0037956:chr3R:7695183:-	1	0	0	0	0	0	0	0
FBgn0038011:chr3R:8137075:+	1	0	0	0	0	0	0	0
FBgn0038029:chr3R:8209083:+	1	0	0	0	0	0	0	0
FBgn0038065:chr3R:8453763:+	0	2	0	0	0	2	1	0
FBgn0038070:chr3R:8468295:-	1	0	0	0	0	0	0	0
FBgn0038073:chr3R:8489943:+	0	0	0	0	0	0	1	0
FBgn0038087:chr3R:8674141:-	1	0	0	0	0	0	0	1
FBgn0038098:chr3R:8797848:-	0	0	0	1	0	0	0	0
FBgn0038124:chr3R:9014287:+	0	0	1	0	0	0	0	0
FBgn0038126:chr3R:9040187:-	2	0	0	0	0	0	0	1
FBgn0038130:chr3R:9105445:+	0	0	0	0	0	2	0	0
FBgn0038134:chr3R:9118920:-	1	0	0	0	0	0	0	0
FBgn0038135:chr3R:9120472:+	0	0	1	0	0	0	0	0
FBgn0038158:chr3R:9413909:+	0	0	0	0	0	0	0	1
FBgn0038159:chr3R:9418336:-	1	0	0	0	0	0	0	0
FBgn0038205:chr3R:9944121:-	0	2	0	0	0	0	0	0
FBgn0038223:chr3R:10152404:-	1	0	0	0	0	0	0	0
FBgn0038224:chr3R:10152746:+	1	0	0	0	0	0	0	0
FBgn0038238:chr3R:10385776:-	0	2	0	0	0	0	0	0
FBgn0038244:chr3R:10401570:-	0	0	0	0	0	0	0	1
FBgn0038258:chr3R:10588758:-	0	0	0	0	0	0	0	1
FBgn0038295:chr3R:11009908:+	0	2	0	0	0	0	0	0
FBgn0038301:chr3R:11039322:-	1	0	0	0	0	0	0	0
FBgn0038339:chr3R:11259906:-	1	0	0	0	0	0	0	0
FBgn0038351:chr3R:11458605:+	1	0	0	0	0	0	0	0
FBgn0038401:chr3R:11972741:+	1	0	0	0	0	0	0	0
FBgn0038511:chr3R:13251494:+	2	0	0	0	0	0	0	0
FBgn0038592:chr3R:14093510:+	1	0	0	0	0	0	0	0
FBgn0038606:chr3R:14181249:-	1	0	0	0	0	0	0	0
FBgn0038607:chr3R:14187716:+	0	0	0	1	0	0	0	0
FBgn0038642:chr3R:14518441:-	1	0	0	0	0	0	0	0
FBgn0038652:chr3R:14620876:-	1	0	0	0	0	0	0	0
FBgn0038695:chr3R:15082988:+	1	0	0	0	0	0	0	0
FBgn0038720:chr3R:15458440:-	0	2	0	0	0	0	0	0
FBgn0038727:chr3R:15490818:+	2	0	0	0	0	0	0	0
FBgn0038774:chr3R:15995158:+	1	2	0	0	0	0	0	0
FBgn0038780:chr3R:16113944:+	2	0	0	0	0	0	0	0
FBgn0038799:chr3R:16336069:-	0	0	0	0	0	0	1	0
FBgn0038815:chr3R:16443632:+	1	0	0	0	0	0	0	0
FBgn0038818:chr3R:16482562:-	0	0	0	0	0	2	0	0
FBgn0038826:chr3R:16608705:+	1	0	0	0	0	0	0	0
FBgn0038881:chr3R:17175306:-	1	0	0	0	0	0	0	0
FBgn0038944:chr3R:18166024:-	0	0	0	0	0	0	0	1
FBgn0038958:chr3R:18219826:-	1	0	0	0	0	0	0	0
FBgn0038959:chr3R:18228377:+	3	0	0	0	0	0	0	0
FBgn0038980:chr3R:18322939:+	1	0	0	0	0	0	0	0
FBgn0039027:chr3R:18630013:+	0	0	0	0	0	2	0	0
FBgn0039039:chr3R:18852435:-	1	0	0	0	0	0	0	0
FBgn0039043:chr3R:18873910:-	1	0	0	0	0	0	0	0
FBgn0039054:chr3R:18938437:-	1	0	0	0	0	0	0	0
FBgn0039055:chr3R:18943673:-	0	0	0	0	0	0	0	1
FBgn0039056:chr3R:18946948:+	0	2	0	0	0	0	0	0
FBgn0039064:chr3R:19065771:-	0	0	0	0	1	0	1	0
FBgn0039078:chr3R:19238329:-	0	0	1	0	0	0	0	0
FBgn0039088:chr3R:19382495:-	1	0	0	0	0	0	0	0
FBgn0039120:chr3R:19607366:-	1	0	0	0	0	0	0	0
FBgn0039161:chr3R:19998353:+	1	0	0	0	0	0	0	0
FBgn0039180:chr3R:20121107:-	0	0	0	0	1	0	1	0
FBgn0039195:chr3R:20198484:-	1	0	0	0	0	0	0	0
FBgn0039213:chr3R:20456018:+	2	0	0	0	0	0	0	0
FBgn0039217:chr3R:20538506:+	0	0	0	0	0	0	1	0
FBgn0039226:chr3R:20625390:-	0	2	0	0	0	0	0	0
FBgn0039284:chr3R:20986627:+	0	0	0	0	0	2	0	0
FBgn0039286:chr3R:21010735:+	2	0	0	0	0	0	0	0
FBgn0039386:chr3R:21721602:+	0	0	0	0	1	0	1	0
FBgn0039411:chr3R:21924433:-	0	0	0	0	0	0	1	0
FBgn0039417:chr3R:22014526:-	0	2	0	0	0	0	0	0
FBgn0039429:chr3R:22284075:+	0	2	0	0	0	0	0	0
FBgn0039430:chr3R:22291320:+	1	0	0	0	0	0	0	0
FBgn0039430:chr3R:22291795:+	1	0	0	0	0	0	0	0
FBgn0039434:chr3R:22444845:+	1	0	0	0	0	0	0	0
FBgn0039451:chr3R:22550937:-	2	0	0	0	0	0	0	0
FBgn0039510:chr3R:23148047:-	0	0	0	0	0	0	0	1
FBgn0039527:chr3R:23419260:-	1	2	0	0	0	0	0	0
FBgn0039543:chr3R:23532373:-	1	0	0	0	0	0	0	0
FBgn0039543:chr3R:23532468:-	1	0	0	0	0	0	0	0
FBgn0039544:chr3R:23532824:+	1	0	0	0	0	0	0	0
FBgn0039562:chr3R:23774380:+	0	0	0	0	0	0	0	1
FBgn0039594:chr3R:24501077:+	2	0	0	0	0	0	0	0
FBgn0039619:chr3R:24816955:+	0	0	0	0	0	0	1	0
FBgn0039620:chr3R:24846128:-	1	0	0	0	0	0	0	0
FBgn0039642:chr3R:24973894:-	0	0	0	0	0	0	0	1
FBgn0039648:chr3R:25023305:+	1	0	0	0	0	0	0	0
FBgn0039683:chr3R:25518313:+	4	0	0	0	0	0	0	0
FBgn0039754:chr3R:26016799:-	1	0	0	0	0	0	0	0
FBgn0039756:chr3R:26028718:-	3	0	0	0	0	0	0	0
FBgn0039770:chr3R:26268963:-	0	0	0	0	0	0	1	0
FBgn0039795:chr3R:26516366:+	1	0	0	0	0	0	0	0
FBgn0039844:chr3R:27207832:+	0	2	0	0	0	0	0	0
FBgn0039851:chr3R:27324961:+	1	0	0	0	0	0	0	0
FBgn0039854:chr3R:27414390:+	0	2	0	0	0	0	0	0
FBgn0039862:chr3R:27484640:+	1	0	0	0	0	0	0	0
FBgn0039905:chr4:414016:-	1	0	0	0	0	0	0	0
FBgn0040068:chrX:19155864:+	1	0	0	0	0	0	0	0
FBgn0040071:chr3R:12051371:+	1	0	0	0	0	0	0	0
FBgn0040089:chrX:19607074:-	1	0	0	0	0	0	0	0
FBgn0040097:chr2L:9254831:-	1	0	0	0	0	0	0	0
FBgn0040318:chr3L:14592668:-	0	0	0	0	0	0	1	0
FBgn0040318:chr3L:14593071:-	0	0	0	0	0	0	1	0
FBgn0040505:chr2R:12525279:-	1	0	0	0	0	0	0	0
FBgn0040573:chr3R:16263646:-	1	0	0	0	0	0	0	0
FBgn0040600:chr3R:20595075:+	3	0	0	0	0	0	0	0
FBgn0040601:chr3R:20731723:-	1	0	0	0	0	0	0	0
FBgn0040609:chr3R:23117911:-	1	0	0	0	0	0	0	0
FBgn0040658:chr2R:18556961:+	0	2	0	0	0	0	0	0
FBgn0040737:chr2R:14199327:+	2	0	0	0	0	0	0	0
FBgn0040752:chr2R:10028403:-	1	0	0	0	0	0	0	0
FBgn0040777:chr2R:4611135:-	0	0	0	0	0	0	0	1
FBgn0040777:chr2R:4611342:-	0	0	0	0	0	0	0	1
FBgn0040837:chr3L:7151199:+	0	2	0	0	0	0	0	0
FBgn0040837:chr3L:7151200:+	0	2	0	0	0	0	0	0
FBgn0040850:chrX:10733263:+	1	0	0	0	0	0	0	0
FBgn0040949:chr2L:5956805:-	0	2	0	0	0	0	0	0
FBgn0041150:chr2L:4915496:-	0	0	0	0	0	2	0	0
FBgn0041156:chr3L:7941291:+	0	0	0	0	0	0	0	1
FBgn0041160:chr3L:15692949:-	1	0	0	0	0	0	0	0
FBgn0041194:chr3L:6907064:-	0	2	0	0	0	0	0	0
FBgn0041225:chr3R:18877411:+	0	2	0	0	0	0	0	0
FBgn0041342:chr3L:1547334:+	0	2	0	0	0	0	0	0
FBgn0041605:chr3R:107426:+	1	0	0	0	0	0	0	0
FBgn0041605:chr3R:107552:+	1	0	0	0	0	0	0	0
FBgn0041605:chr3R:107625:+	1	0	0	0	0	0	0	0
FBgn0041605:chr3R:107886:+	1	0	0	0	0	0	0	0
FBgn0041605:chr3R:110074:+	0	0	0	0	0	0	0	1
FBgn0041605:chr3R:117460:+	1	0	0	0	0	0	0	0
FBgn0041605:chr3R:117670:+	1	0	0	0	0	0	0	0
FBgn0042111:chr3R:23070951:-	1	0	0	0	0	0	0	0
FBgn0042650:chrX:16042982:-	1	0	0	0	0	0	0	0
FBgn0043005:chr3R:19524749:-	0	0	0	1	0	0	0	0
FBgn0043364:chr2L:479682:-	1	0	0	0	0	0	0	0
FBgn0045852:chr2L:18782304:-	1	0	0	0	0	0	0	0
FBgn0046225:chr3R:7289358:+	0	0	1	0	0	0	0	0
FBgn0046247:chr3R:23101040:+	1	0	0	0	0	0	0	0
FBgn0046247:chr3R:23101113:+	1	0	0	0	0	0	0	0
FBgn0046685:chr3R:20455810:-	2	0	0	0	0	0	0	0
FBgn0050015:chr2R:6731528:-	0	0	0	0	0	2	0	0
FBgn0050039:chr2R:7939260:-	0	0	0	0	0	0	0	1
FBgn0050083:chr2R:11600149:-	0	0	0	0	0	0	0	1
FBgn0050098:chr2R:12242720:-	0	0	0	0	0	0	0	1
FBgn0050394:chr2R:17211056:-	1	0	0	0	0	0	0	0
FBgn0050420:chr2R:20764231:+	0	0	0	0	0	0	0	1
FBgn0050476:chr2R:10640031:+	0	0	1	0	0	0	0	0
FBgn0050492:chr2R:3510749:+	0	0	0	0	1	0	0	0
FBgn0050497:chr2R:3646221:-	1	0	0	0	0	0	0	0
FBgn0051048:chr3R:24671689:+	1	0	0	0	0	0	0	0
FBgn0051105:chr3R:20685456:-	0	0	0	0	0	0	0	1
FBgn0051323:chr3R:21996571:+	1	0	0	0	0	0	0	0
FBgn0051324:chr3R:21932592:+	1	0	0	0	0	0	0	0
FBgn0051345:chr3R:8642751:-	0	0	0	0	0	0	1	0
FBgn0051462:chr3R:4213924:-	1	0	0	0	0	0	0	0
FBgn0051522:chr3R:276540:-	1	0	0	0	0	0	0	0
FBgn0051522:chr3R:276555:-	1	0	0	0	0	0	0	0
FBgn0051523:chr3R:297321:-	1	0	0	0	0	0	0	0
FBgn0051536:chr3R:736278:+	1	0	0	0	0	0	0	0
FBgn0051554:chr3R:1642343:+	1	0	0	0	0	0	0	0
FBgn0051561:chr3R:2130992:+	0	0	0	0	1	2	1	0
FBgn0051632:chr2L:6822317:+	0	0	1	0	0	0	0	0
FBgn0051694:chr2L:2874518:-	1	0	0	0	0	0	0	0
FBgn0051730:chr2L:13259641:-	0	0	0	1	0	0	0	0
FBgn0051786:chr2L:18215853:-	0	0	0	0	0	0	0	1
FBgn0051856:chr2L:13073845:-	1	0	0	0	0	0	0	0
FBgn0052050:chr3L:9818799:+	3	0	0	0	0	0	0	0
FBgn0052056:chr3L:10218340:-	0	2	0	0	0	0	0	0
FBgn0052066:chr3L:10653081:-	0	0	0	1	0	0	0	0
FBgn0052069:chr3L:11055714:-	0	2	0	0	0	0	0	0
FBgn0052118:chr3L:13091351:+	1	0	0	1	0	0	0	0
FBgn0052138:chr3L:14046869:+	1	0	0	0	0	0	0	0
FBgn0052160:chr3L:16302040:+	1	0	0	0	0	0	0	0
FBgn0052183:chr3L:17683113:+	0	0	0	0	0	0	1	0
FBgn0052183:chr3L:17683115:+	0	0	0	0	0	0	1	0
FBgn0052227:chr3L:20288231:-	1	0	0	0	1	2	1	0
FBgn0052296:chr3L:2730315:-	0	0	0	0	0	0	0	1
FBgn0052298:chr3L:2390989:-	0	0	0	1	0	0	0	0
FBgn0052299:chr3L:2390989:-	0	0	0	1	0	0	0	0
FBgn0052306:chr3L:2462861:+	1	0	0	0	0	0	0	0
FBgn0052352:chr3L:8576676:+	1	0	0	0	0	0	0	0
FBgn0052352:chr3L:8578601:+	0	0	0	1	0	0	0	0
FBgn0052369:chr3L:7797506:-	1	0	0	0	0	0	0	0
FBgn0052394:chr3L:6732746:-	1	0	0	0	0	0	0	0
FBgn0052423:chr3L:5177893:-	2	2	1	0	0	0	0	0
FBgn0052423:chr3L:5241544:-	1	0	0	0	0	0	0	0
FBgn0052423:chr3L:5271044:-	1	0	0	0	0	0	0	0
FBgn0052432:chr3L:20878288:-	0	2	0	0	0	0	0	0
FBgn0052476:chr3L:247495:+	0	2	0	0	0	0	0	0
FBgn0052512:chrX:20938549:-	1	0	0	0	0	0	0	0
FBgn0052556:chrX:17592559:-	1	0	0	0	0	0	0	0
FBgn0052570:chrX:16628984:+	1	0	0	0	0	0	0	0
FBgn0052572:chrX:16615216:+	1	0	0	0	0	0	0	0
FBgn0052663:chrX:11711791:+	3	0	0	0	0	0	0	0
FBgn0052690:chrX:10098471:+	0	0	0	0	0	0	0	1
FBgn0052694:chrX:9883728:+	2	0	0	0	0	0	0	0
FBgn0052710:chrX:8713255:+	0	0	1	0	0	0	0	0
FBgn0052711:chrX:8304128:-	1	0	0	0	0	0	0	0
FBgn0052792:chrX:3451845:+	1	0	0	0	0	0	0	0
FBgn0052813:chrX:1282603:+	1	0	0	0	0	0	0	0
FBgn0052813:chrX:1282692:+	1	0	0	0	0	0	0	0
FBgn0052830:chr2L:11254574:+	0	0	0	0	0	0	0	1
FBgn0052970:chr2L:14301177:+	0	0	1	0	1	0	1	1
FBgn0052982:chr2L:9151201:+	0	0	0	0	0	0	0	1
FBgn0053080:chrX:5607560:-	0	0	0	0	0	0	0	1
FBgn0053113:chr2L:4997378:-	1	0	0	0	0	0	0	0
FBgn0053113:chr2L:5009744:-	1	0	0	0	0	0	0	0
FBgn0053181:chrX:8396422:+	2	0	0	0	0	0	0	0
FBgn0053196:chr2L:4591963:-	0	0	0	0	1	0	1	1
FBgn0053205:chr3L:9814768:+	2	0	0	0	0	0	0	0
FBgn0053207:chr3R:11491908:+	1	0	0	0	0	0	0	0
FBgn0053208:chr3R:5868543:-	1	0	0	0	0	0	0	0
FBgn0053291:chr3L:21638060:+	0	0	0	0	1	0	1	0
FBgn0053329:chr3R:10049877:-	0	0	0	0	0	0	1	0
FBgn0053513:chrX:1390229:-	0	2	0	0	0	0	0	0
FBgn0053513:chrX:1390416:-	0	2	0	0	0	0	0	0
FBgn0053517:chrX:19922189:-	2	0	0	0	0	0	0	0
FBgn0053517:chrX:19922226:-	2	0	0	0	0	0	0	0
FBgn0053526:chr2L:870464:+	0	0	0	0	0	0	0	1
FBgn0053526:chr2L:871096:+	0	0	0	0	0	0	0	1
FBgn0053555:chr3R:10646665:-	1	0	0	0	0	0	0	0
FBgn0053556:chr3L:7087918:+	1	0	0	0	0	0	0	0
FBgn0053639:chrX:18114067:-	1	0	0	0	0	0	0	0
FBgn0053666:chrX:6371003:-	0	0	0	0	0	0	0	1
FBgn0053772:chr3L:22645625:-	1	0	0	0	0	0	0	0
FBgn0053970:chr3R:22144080:+	1	0	0	0	0	0	0	0
FBgn0053993:chr3L:5943755:-	1	0	0	0	0	0	0	0
FBgn0054006:chr3R:23045064:-	0	0	0	0	0	0	0	1
FBgn0054045:chr2R:15220213:+	0	2	0	0	0	0	0	0
FBgn0061469:chr3L:11203680:-	1	0	0	0	0	0	0	0
FBgn0063649:chr3R:11983883:+	2	0	0	0	0	0	0	0
FBgn0064121:chrX:6762541:+	2	0	0	0	0	0	0	0
FBgn0064122:chrX:6762541:+	2	0	0	0	0	0	0	0
FBgn0067052:chrX:10483215:+	0	0	0	1	0	0	0	0
FBgn0082582:chr3R:26388894:+	0	0	0	0	0	0	0	1
FBgn0083919:chr2R:11702450:-	1	0	0	0	0	0	0	0
FBgn0083972:chr2L:21096922:+	0	0	0	0	1	0	1	0
FBgn0085232:chr2R:17169161:-	0	0	0	0	0	2	1	0
FBgn0085238:chr2R:18929143:-	1	0	0	0	0	0	0	0
FBgn0085268:chr3L:11034069:-	0	2	0	0	0	0	0	0
FBgn0085279:chr3L:17469389:+	0	2	0	0	0	0	0	0
FBgn0085323:chr3R:23466518:-	0	0	0	0	0	0	0	1
FBgn0085354:chrX:16615440:-	1	0	0	0	0	0	0	0
FBgn0085370:chr2L:18563172:-	1	0	0	0	1	0	1	0
FBgn0085379:chr2R:4892622:-	2	0	0	0	0	0	0	0
FBgn0085382:chr3R:23659841:-	1	0	0	0	0	0	0	0
FBgn0085386:chr3R:383789:-	1	0	0	0	0	0	0	0
FBgn0085387:chrX:20674656:-	2	0	0	0	0	0	0	0
FBgn0085391:chr3R:23873296:+	1	0	0	0	0	0	0	0
FBgn0085394:chr2R:11297677:+	0	2	0	0	0	0	0	0
FBgn0085408:chr2R:10229567:+	0	2	0	0	0	0	0	0
FBgn0085412:chr3R:9540945:+	1	0	0	0	0	0	0	0
FBgn0085419:chr2R:14427090:+	1	0	0	0	0	0	0	0
FBgn0085423:chr2L:3373047:-	0	0	0	0	0	0	0	1
FBgn0085437:chrX:10114143:+	0	2	0	0	0	0	0	0
FBgn0085443:chrX:10387769:-	1	0	0	0	0	0	0	0
FBgn0085445:chr3L:7706750:-	0	0	0	0	0	2	0	0
FBgn0085447:chr3L:5684527:+	1	0	0	0	0	0	0	0
FBgn0086364:chr3R:9809083:-	1	0	0	0	0	0	0	0
FBgn0086448:chrX:16253373:+	0	2	0	0	0	0	0	0
FBgn0086611:chr3L:6124086:-	0	2	0	0	0	0	0	0
FBgn0086673:chr2L:16807318:+	1	0	0	0	0	0	0	0
FBgn0086687:chr3R:8265322:+	0	2	0	0	0	0	0	0
FBgn0086691:chr2L:15275060:-	0	0	0	0	0	0	0	1
FBgn0086899:chrX:3670092:+	1	0	0	0	0	0	0	0
FBgn0086902:chr2L:221946:-	1	0	0	0	0	0	0	0
FBgn0086910:chr3R:7604071:-	1	0	0	0	0	0	0	0
FBgn0243505:chrX:8110162:+	1	0	0	0	0	0	0	0
FBgn0243505:chrX:8110857:+	1	0	0	0	0	0	0	0
FBgn0243516:chr2R:18003843:-	0	2	0	0	0	0	0	0
FBgn0250786:chr2L:2987677:-	0	0	0	0	0	0	0	1
FBgn0250788:chrX:17551454:+	1	0	0	0	0	0	0	0
FBgn0250823:chr3R:12106630:+	1	0	0	0	0	0	0	0
FBgn0250826:chr2L:10579809:+	0	0	0	0	0	0	0	1
FBgn0259111:chr2L:7240500:-	1	0	0	0	0	0	0	0
FBgn0259143:chrX:12358132:+	1	0	0	0	0	0	0	0
FBgn0259150:chrX:5556085:-	0	0	0	0	0	0	0	1
FBgn0259164:chr3L:6059595:+	0	0	0	0	0	0	1	0
FBgn0259170:chrX:10203140:-	1	0	0	0	0	0	0	0
FBgn0259172:chr3R:3135119:-	1	0	0	0	0	0	0	0
FBgn0259176:chr2L:12483574:-	1	0	0	0	0	0	0	0
FBgn0259176:chr2L:12493497:-	1	0	0	0	0	0	0	0
FBgn0259183:chr2R:9977840:+	0	0	0	0	0	2	0	1
FBgn0259211:chr2R:13690294:+	1	0	0	0	0	0	0	0
FBgn0259211:chr2R:13711070:+	1	0	0	0	0	0	0	0
FBgn0259211:chr2R:13720110:+	1	0	0	0	0	0	0	0
FBgn0259217:chr3R:7476418:-	1	0	0	0	0	0	0	0
FBgn0259220:chr3R:24717616:+	1	0	0	0	0	0	0	0
FBgn0259220:chr3R:24738609:+	1	0	0	0	0	0	0	0
FBgn0259228:chrX:6689611:-	0	2	0	0	0	0	0	0
FBgn0259243:chr3L:20819074:+	0	0	0	0	0	0	0	1
FBgn0259243:chr3L:20821118:+	1	0	0	0	0	0	0	0
FBgn0259243:chr3L:20821325:+	1	0	0	0	0	0	0	0
FBgn0259481:chr3L:11546212:-	1	0	0	0	0	0	0	0
FBgn0259677:chrX:22268488:+	2	0	0	0	0	0	0	0
FBgn0259680:chrX:12326259:+	0	2	0	0	0	0	0	0
FBgn0259685:chr3R:20121138:+	0	0	0	0	1	0	1	0
FBgn0259730:chr3R:9638838:+	3	0	0	0	0	0	0	0
FBgn0259731:chr3R:9638838:+	3	0	0	0	0	0	0	0
FBgn0259732:chr3R:9638838:+	3	0	0	0	0	0	0	0
FBgn0259733:chr3R:9638838:+	3	0	0	0	0	0	0	0
FBgn0259750:chr2L:11210681:+	0	0	0	0	0	0	1	0
FBgn0259819:chr2L:18204884:-	0	0	0	0	0	0	0	1
FBgn0259823:chr3R:11077403:+	0	0	0	1	0	0	0	0
FBgn0259971:chr3L:13292122:-	0	0	0	0	0	0	0	1
FBgn0259994:chrX:5542186:-	1	0	0	0	0	0	0	0
FBgn0259994:chrX:5542510:-	1	0	0	0	0	0	0	0
FBgn0260003:chr3R:15334982:+	1	0	0	0	0	0	0	0
FBgn0260429:chr2R:11501607:+	2	0	0	0	0	0	0	0
FBgn0260446:chr2L:15017154:+	0	0	0	0	0	0	0	1
FBgn0260479:chr2L:7738795:-	1	0	0	0	0	0	0	0
FBgn0260642:chr3R:2824950:-	2	0	0	0	0	0	0	0
FBgn0260657:chr3L:4557275:+	0	0	1	1	0	0	0	0
FBgn0260657:chr3L:4574981:+	1	0	0	0	0	0	0	0
FBgn0260713:chr3R:3130314:+	2	0	0	0	0	0	0	0
FBgn0260745:chr3R:7818996:-	1	0	0	0	0	0	0	0
FBgn0260745:chr3R:7819037:-	1	0	0	0	0	0	0	0
FBgn0260942:chr3R:18376405:+	3	0	0	0	0	0	0	0
FBgn0260943:chr3L:17141054:-	3	0	0	0	0	0	0	0
FBgn0260943:chr3L:17231310:-	1	0	0	0	0	0	0	0
FBgn0260952:chr2L:5151749:+	1	0	0	0	0	0	0	0
FBgn0260954:chr2L:14741837:-	1	0	0	0	0	0	0	0
FBgn0260964:chr2R:9420494:-	1	0	0	0	0	0	0	0
FBgn0260966:chr2L:19866457:+	0	0	0	0	0	0	0	1
FBgn0260968:chr3L:8063038:-	0	0	0	0	0	0	0	1
FBgn0260970:chrX:7831002:+	1	0	0	0	0	0	0	0
